NUM     DATE      ADV      DEC    UNCHG   ADVVOL       DECVOL
00000 920601  950.000  775.000  557.000 10271.000       5616        0
00001 920602  815.000  917.000  541.000 6623.000      10819        0
00002 920603  843.000  848.000  580.000 11841.000       7270        0
00003 920604  762.000  942.000  544.000 8503.000       9849        0
00004 920605  780.000  868.000  611.000 7516.000       8998        0
00005 920608  827.000  887.000  561.000 6736.000       7087        0
00006 920609  580.000 1160.000  543.000 3845.000      13155        0
00007 920610  587.000 1121.000  576.000 5333.000      13116        0
00008 920611  781.000  868.000  623.000 9160.000       6991        0
00009 920612 1026.000  668.000  575.000 9584.000       6411        0
00010 920615  742.000  932.000  581.000 6622.000       6870        0
00011 920616  775.000  952.000  535.000 6420.000       9229        0
00012 920617  379.000 1426.000  464.000 3067.000      18521        0
00013 920618  598.000 1136.000  538.000 7016.000      11821        0
00014 920619 1014.000  715.000  555.000 14289.000       6135        0
00015 920622  602.000 1140.000  539.000 5330.000       9725        0
00016 920623 1011.000  721.000  560.000 10331.000       5892        0
00017 920624  868.000  845.000  559.000 7669.000       9615        0
00018 920625  861.000  815.000  604.000 7040.000       8302        0
00019 920626  855.000  822.000  594.000 6368.000       6531        0
00020 920629 1221.000  581.000  482.000 12535.000       3758        0
00021 920630 1004.000  727.000  573.000 9795.000       6865        0
00022 920701 1217.000  548.000  506.000 14350.000       4656        0
00023 920702  932.000  840.000  517.000 10182.000       9475        0
00024 920706 1010.000  794.000  501.000 9659.000       7189        0
00025 920707  720.000 1059.000  513.000 5382.000      13650        0
00026 920708  834.000  897.000  571.000 8670.000       8474        0
00027 920709 1229.000  517.000  553.000 13914.000       4082        0
00028 920710 1023.000  675.000  601.000 9119.000       5580        0
00029 920713  997.000  738.000  568.000 7077.000       5583        0
00030 920714 1095.000  659.000  558.000 12052.000       4782        0
00031 920715  901.000  797.000  614.000 8658.000       9108        0
00032 920716  877.000  820.000  600.000 9126.000       7995        0
00033 920717  613.000 1054.000  616.000 5526.000      10349        0
00034 920720  605.000 1111.000  585.000 5041.000       9299        0
00035 920721  901.000  844.000  566.000 8078.000       7137        0
00036 920722  643.000 1092.000  572.000 6009.000      10963        0
00037 920723  962.000  758.000  588.000 8191.000       6398        0
00038 920724  851.000  866.000  573.000 6593.000       7287        0
00039 920727  928.000  804.000  572.000 6664.000       6230        0
00040 920728 1373.000  444.000  515.000 17198.000       2802        0
00041 920729 1353.000  524.000  455.000 19631.000       5371        0
00042 920730 1025.000  730.000  584.000 10345.000       5912        0
00043 920731  997.000  781.000  559.000 7654.000       6751        0
00044 920803  958.000  787.000  572.000 8304.000       5834        0
00045 920804  861.000  848.000  610.000 6213.000       8049        0
00046 920805  709.000 1026.000  599.000 5253.000       9250        0
00047 920806  721.000  987.000  625.000 6266.000       9157        0
00048 920807  791.000  910.000  601.000 5674.000       9921        0
00049 920810  798.000  960.000  577.000 5398.000       6336        0
00050 920811  796.000  941.000  610.000 6371.000       8429        0
00051 920812  757.000  933.000  641.000 5869.000       8866        0
00052 920813  820.000  915.000  589.000 8157.000       7873        0
00053 920814 1099.000  598.000  631.000 8887.000       4769        0
00054 920817  971.000  780.000  591.000 7778.000       4931        0
00055 920818  922.000  783.000  662.000 7369.000       6670        0
00056 920819  584.000 1132.000  619.000 4598.000      11543        0
00057 920820  779.000  963.000  596.000 6396.000       8450        0
00058 920821  669.000 1036.000  633.000 5180.000      12210        0
00059 920824  399.000 1490.000  456.000 2083.000      12843        0
00060 920825  719.000 1002.000  614.000 8872.000       8151        0
00061 920826 1013.000  732.000  573.000 9667.000       5031        0
00062 920827 1087.000  662.000  579.000 9751.000       5615        0
00063 920828  955.000  749.000  614.000 7627.000       5220        0
00064 920831  855.000  885.000  593.000 7032.000       6839        0
00065 920901  960.000  747.000  617.000 8564.000       5579        0
00066 920902 1110.000  617.000  599.000 11464.000       4556        0
00067 920903  985.000  777.000  587.000 11079.000       7697        0
00068 920904  810.000  860.000  651.000 4412.000       5747        0
00069 920908  585.000 1120.000  630.000 3626.000       9140        0
00070 920909  964.000  801.000  594.000 9052.000       5719        0
00071 920910 1152.000  611.000  579.000 14014.000       5372        0
00072 920911  877.000  894.000  593.000 7889.000       7843        0
00073 920914 1300.000  571.000  489.000 19714.000       3341        0
00074 920915  497.000 1316.000  533.000 3063.000      15365        0
00075 920916  780.000  981.000  577.000 10900.000       9640        0
00076 920917  798.000  942.000  592.000 7682.000       8501        0
00077 920918 1101.000  667.000  579.000 14542.000       5821        0
00078 920921  729.000 1022.000  587.000 6108.000       7249        0
00079 920922  540.000 1226.000  561.000 3506.000      12691        0
00080 920923  767.000  950.000  625.000 8104.000       9684        0
00081 920924  953.000  739.000  636.000 9168.000       7158        0
00082 920925  603.000 1122.000  569.000 4460.000      14168        0
00083 920928  908.000  791.000  613.000 7300.000       6212        0
00084 920929  878.000  827.000  624.000 8901.000       5441        0
00085 920930 1028.000  706.000  606.000 9598.000       5797        0
00086 921001  730.000 1036.000  562.000 6062.000      11762        0
00087 921002  453.000 1308.000  566.000 2187.000      14756        0
00088 921005  426.000 1510.000  441.000 7263.000      19182        0
00089 921006 1021.000  744.000  578.000 9374.000       8062        0
00090 921007  695.000  989.000  631.000 6013.000       9398        0
00091 921008 1082.000  639.000  593.000 10758.000       6338        0
00092 921009  531.000 1201.000  585.000 3203.000      12630        0
00093 921012 1098.000  599.000  581.000 8373.000       2644        0
00094 921013 1020.000  703.000  610.000 10475.000       5589        0
00095 921014  823.000  885.000  644.000 7357.000       7290        0
00096 921015  888.000  831.000  625.000 8914.000       7636        0
00097 921016  973.000  800.000  576.000 11942.000       8914        0
00098 921019 1068.000  742.000  550.000 14439.000       5169        0
00099 921020 1037.000  812.000  529.000 13934.000       9396        0
00100 921021  848.000  925.000  575.000 9773.000       8611        0
00101 921022  805.000  969.000  592.000 8184.000      10085        0
00102 921023  915.000  833.000  606.000 8515.000       8592        0
00103 921026 1087.000  709.000  583.000 12618.000       4238        0
00104 921027  862.000  899.000  612.000 9604.000       7563        0
00105 921028 1016.000  732.000  613.000 12319.000       5215        0
00106 921029  975.000  774.000  608.000 10877.000       7016        0
00107 921030  868.000  895.000  595.000 7509.000       9376        0
00108 921102 1089.000  742.000  535.000 13484.000       4700        0
00109 921103  844.000  941.000  581.000 7814.000      10469        0
00110 921104  734.000 1011.000  605.000 6492.000      10485        0
00111 921105  975.000  812.000  593.000 12052.000       7328        0
00112 921106  892.000  889.000  577.000 9728.000       7742        0
00113 921109  992.000  853.000  565.000 9645.000       7392        0
00114 921110  979.000  819.000  586.000 11340.000       8117        0
00115 921111 1171.000  655.000  539.000 15172.000       6070        0
00116 921112  922.000  875.000  564.000 10805.000       9058        0
00117 921113  922.000  866.000  582.000 8337.000       8208        0
00118 921116  738.000 1082.000  589.000 5321.000       9629        0
00119 921117  778.000 1020.000  599.000 6396.000       9543        0
00120 921118 1193.000  638.000  564.000 13644.000       4925        0
00121 921119  943.000  813.000  615.000 11593.000       6891        0
00122 921120 1103.000  699.000  575.000 16195.000       6575        0
00123 921123  814.000  984.000  594.000 6742.000       8799        0
00124 921124 1101.000  711.000  587.000 13231.000       7829        0
00125 921125 1082.000  745.000  561.000 11090.000       7171        0
00126 921127  984.000  660.000  630.000 5965.000       2957        0
00127 921130 1137.000  665.000  597.000 12470.000       6161        0
00128 921201  922.000  935.000  566.000 10423.000      12085        0
00129 921202  859.000  947.000  596.000 9732.000      11286        0
00130 921203  914.000  871.000  618.000 10248.000       8827        0
00131 921204 1001.000  744.000  666.000 11516.000       7057        0
00132 921207 1210.000  673.000  533.000 13961.000       5305        0
00133 921208 1026.000  817.000  592.000 11446.000       7844        0
00134 921209  734.000 1121.000  577.000 6979.000      12428        0
00135 921210  786.000 1046.000  590.000 9407.000      12266        0
00136 921211  840.000  919.000  631.000 6490.000       6930        0
00137 921214  816.000 1001.000  598.000 7262.000       8517        0
00138 921215  844.000  973.000  616.000 8161.000      11104        0
00139 921216  775.000 1051.000  606.000 8960.000      11650        0
00140 921217 1139.000  664.000  627.000 15798.000       6335        0
00141 921218 1279.000  580.000  575.000 26846.000       6974        0
00142 921221  875.000 1018.000  565.000 9448.000       9855        0
00143 921222  984.000  901.000  556.000 11126.000       9984        0
00144 921223  929.000  894.000  618.000 8714.000      10661        0
00145 921224  948.000  692.000  656.000 4506.000       3290        0
00146 921228  809.000  999.000  596.000 5668.000       6419        0
00147 921229  992.000  815.000  629.000 10235.000       8050        0
00148 921230 1065.000  769.000  606.000 10349.000       5285        0
00149 921231 1126.000  694.000  583.000 8000.000       6094        0
00150 930104  888.000 1046.000  505.000 8108.000       9723        0
00151 930105 1074.000  799.000  547.000 10142.000      10975        0
00152 930106 1091.000  780.000  578.000 13653.000      12007        0
00153 930107  735.000 1158.000  546.000 8457.000      18303        0
00154 930108  687.000 1184.000  557.000 8052.000      15425        0
00155 930111 1098.000  727.000  602.000 11999.000       6661        0
00156 930112  890.000  888.000  632.000 10640.000       9876        0
00157 930113 1075.000  743.000  601.000 12712.000       8507        0
00158 930114 1185.000  689.000  541.000 17714.000       7618        0
00159 930115 1254.000  610.000  566.000 17363.000       9801        0
00160 930118  977.000  868.000  589.000 9935.000       7100        0
00161 930119  979.000  877.000  583.000 14238.000      10984        0
00162 930120  883.000  974.000  584.000 11079.000      12544        0
00163 930121 1008.000  806.000  611.000 13458.000       9297        0
00164 930122 1097.000  762.000  585.000 16455.000       9583        0
00165 930125 1348.000  646.000  462.000 19025.000       7295        0
00166 930126 1097.000  824.000  531.000 15369.000      12282        0
00167 930127  719.000 1160.000  590.000 9984.000      15077        0
00168 930128  900.000  918.000  627.000 11247.000      11391        0
00169 930129 1021.000  828.000  576.000 12037.000       9554        0
00170 930201 1189.000  670.000  578.000 14932.000       6059        0
00171 930202 1095.000  775.000  573.000 11945.000      12095        0
00172 930203 1317.000  604.000  534.000 25225.000       5923        0
00173 930204 1341.000  623.000  511.000 21419.000       9847        0
00174 930205  916.000 1005.000  541.000 14490.000      13903        0
00175 930208  929.000  973.000  575.000 9632.000      11038        0
00176 930209  715.000 1206.000  544.000 5852.000      14357        0
00177 930210  952.000  873.000  631.000 13281.000       8485        0
00178 930211 1076.000  774.000  615.000 13113.000       9215        0
00179 930212  736.000 1116.000  585.000 6169.000      12201        0
00180 930216  375.000 1698.000  392.000 2237.000      28898        0
00181 930217  783.000 1151.000  525.000 10134.000      15462        0
00182 930218 1040.000  878.000  543.000 12874.000      14195        0
00183 930219 1275.000  682.000  511.000 16119.000      12335        0
00184 930222 1061.000  935.000  473.000 13606.000      15421        0
00185 930223 1057.000  927.000  514.000 12986.000      16241        0
00186 930224 1224.000  697.000  547.000 21213.000       6342        0
00187 930225 1056.000  817.000  593.000 12892.000       9496        0
00188 930226 1151.000  757.000  566.000 12328.000       8257        0
00189 930301 1103.000  852.000  540.000 10920.000       9793        0
00190 930302 1273.000  656.000  559.000 18787.000       4991        0
00191 930303 1296.000  632.000  581.000 15605.000       8278        0
00192 930304  967.000  931.000  597.000 7999.000      12033        0
00193 930305  922.000  961.000  608.000 11203.000      10239        0
00194 930308 1497.000  506.000  500.000 21691.000       4048        0
00195 930309 1130.000  825.000  543.000 15617.000       9506        0
00196 930310 1031.000  852.000  616.000 14962.000       7422        0
00197 930311  951.000  954.000  603.000 9082.000      12671        0
00198 930312  553.000 1390.000  547.000 5944.000      15526        0
00199 930315 1029.000  842.000  595.000 10915.000       5436        0
00200 930316  955.000  945.000  590.000 8860.000       9150        0
00201 930317  736.000 1158.000  598.000 6834.000      14289        0
00202 930318 1254.000  652.000  576.000 14262.000       6963        0
00203 930319  808.000 1059.000  621.000 10864.000      14979        0
00204 930322  691.000 1199.000  611.000 7709.000      13194        0
00205 930323  888.000  983.000  627.000 10237.000       9885        0
00206 930324  883.000 1001.000  609.000 9951.000      14568        0
00207 930325 1149.000  741.000  609.000 15025.000       7082        0
00208 930326  837.000 1007.000  642.000 8278.000      10474        0
00209 930329 1081.000  808.000  628.000 11517.000       6126        0
00210 930330 1025.000  855.000  627.000 11949.000       8237        0
00211 930331 1161.000  729.000  626.000 14879.000       9263        0
00212 930401  852.000 1043.000  606.000 8205.000      12079        0
00213 930402  397.000 1614.000  482.000 2723.000      27913        0
00214 930405  916.000  988.000  592.000 10704.000      10041        0
00215 930406  867.000 1055.000  570.000 10227.000      16578        0
00216 930407 1064.000  861.000  581.000 14333.000      12171        0
00217 930408  988.000  878.000  620.000 10278.000      14671        0
00218 930412 1341.000  610.000  558.000 18199.000       4988        0
00219 930413 1255.000  704.000  556.000 16874.000       8855        0
00220 930414 1021.000  874.000  611.000 10554.000      12194        0
00221 930415  931.000 1016.000  558.000 10290.000      13095        0
00222 930416  961.000  887.000  666.000 14426.000      11872        0
00223 930419  779.000 1182.000  552.000 9846.000      11384        0
00224 930420  698.000 1232.000  581.000 10395.000      18792        0
00225 930421  917.000  963.000  613.000 12385.000      13432        0
00226 930422  789.000 1148.000  563.000 9980.000      17594        0
00227 930423  746.000 1183.000  576.000 8399.000      14130        0
00228 930426  647.000 1260.000  610.000 8189.000      16931        0
00229 930427  962.000  954.000  594.000 16689.000       8321        0
00230 930428  987.000  917.000  598.000 12270.000      10986        0
00231 930429 1021.000  875.000  606.000 11728.000       9941        0
00232 930430 1210.000  670.000  623.000 14129.000       6748        0
00233 930503 1099.000  805.000  605.000 13254.000       6094        0
00234 930504 1267.000  702.000  548.000 14958.000       8522        0
00235 930505 1116.000  788.000  604.000 14515.000       9508        0
00236 930506  940.000  943.000  632.000 10894.000      10780        0
00237 930507  858.000  981.000  646.000 8322.000      10370        0
00238 930510 1075.000  835.000  603.000 11345.000       7881        0
00239 930511 1053.000  856.000  621.000 11931.000       7130        0
00240 930512  952.000  938.000  648.000 13327.000       8706        0
00241 930513  597.000 1412.000  523.000 10590.000      15663        0
00242 930514  889.000 1016.000  596.000 11914.000      10487        0
00243 930517  854.000 1073.000  610.000 9505.000      10689        0
00244 930518  833.000 1082.000  624.000 12545.000      10801        0
00245 930519 1196.000  761.000  590.000 23809.000       7060        0
00246 930520 1130.000  775.000  626.000 16659.000       7802        0
00247 930521  797.000 1134.000  603.000 7404.000      16972        0
00248 930524  950.000  992.000  572.000 10569.000       6703        0
00249 930525 1127.000  795.000  604.000 12472.000       7013        0
00250 930526 1264.000  654.000  614.000 17392.000       6705        0
00251 930527  923.000  998.000  610.000 11888.000      11589        0
00252 930528  825.000 1014.000  680.000 7092.000       9275        0
00253 930601 1231.000  712.000  592.000 13670.000       5536        0
00254 930602 1007.000  902.000  625.000 11542.000      10929        0
00255 930603  881.000 1000.000  652.000 12566.000      11746        0
00256 930604  744.000 1199.000  594.000 6783.000      13333        0
00257 930607  771.000 1149.000  621.000 6234.000      14414        0
00258 930608  621.000 1334.000  617.000 5424.000      15736        0
00259 930609 1038.000  887.000  635.000 11139.000       8872        0
00260 930610  796.000 1044.000  688.000 8158.000      11761        0
00261 930611 1068.000  815.000  654.000 13266.000       8535        0
00262 930614  946.000  960.000  646.000 9732.000       8308        0
00263 930615  997.000  922.000  635.000 9036.000      10240        0
00264 930616  984.000  897.000  684.000 11017.000       9875        0
00265 930617  994.000  881.000  669.000 10526.000       8579        0
00266 930618  693.000 1218.000  646.000 6460.000      19322        0
00267 930621 1119.000  837.000  624.000 11281.000       7761        0
00268 930622  949.000  959.000  660.000 9625.000      12471        0
00269 930623  845.000 1073.000  643.000 9443.000      14530        0
00270 930624 1139.000  771.000  640.000 15398.000       6335        0
00271 930625 1076.000  767.000  684.000 11577.000       6111        0
00272 930628 1375.000  586.000  592.000 16144.000       5628        0
00273 930629  970.000  979.000  615.000 13782.000      10626        0
00274 930630 1125.000  830.000  603.000 13468.000      11304        0
00275 930701 1185.000  825.000  562.000 12910.000      11828        0
00276 930702  826.000 1083.000  639.000 5329.000      11965        0
00277 930706  856.000 1128.000  581.000 7279.000      12960        0
00278 930707 1016.000  908.000  658.000 11509.000       9542        0
00279 930708 1292.000  725.000  577.000 18329.000       7147        0
00280 930709 1075.000  845.000  648.000 10293.000       9005        0
00281 930712 1027.000  898.000  640.000 10203.000       7232        0
00282 930713  983.000  953.000  646.000 10008.000      10424        0
00283 930714 1224.000  792.000  590.000 15939.000       9489        0
00284 930715  948.000 1013.000  606.000 10806.000      11251        0
00285 930716  905.000 1024.000  664.000 7270.000      16292        0
00286 930719  852.000 1070.000  667.000 8410.000      10115        0
00287 930720  877.000 1064.000  649.000 12522.000      11149        0
00288 930721  923.000 1051.000  620.000 10843.000      11588        0
00289 930722  767.000 1208.000  612.000 7881.000      14357        0
00290 930723 1026.000  865.000  707.000 11397.000       6663        0
00291 930726 1214.000  776.000  603.000 13466.000       6235        0
00292 930727  855.000 1054.000  669.000 9429.000      12596        0
00293 930728  924.000  975.000  684.000 10376.000      13032        0
00294 930729 1249.000  740.000  617.000 15457.000       7871        0
00295 930730  926.000  999.000  653.000 10195.000      11533        0
00296 930802 1188.000  795.000  616.000 13246.000       6283        0
00297 930803 1051.000  920.000  626.000 10559.000      10247        0
00298 930804  969.000  938.000  665.000 10593.000       9418        0
00299 930805  896.000 1055.000  634.000 8832.000      13665        0
00300 930806  983.000  876.000  727.000 11191.000       7398        0
00301 930809 1210.000  804.000  601.000 13994.000       6684        0
00302 930810 1002.000  949.000  651.000 11996.000      10483        0
00303 930811 1059.000  885.000  650.000 12290.000      11520        0
00304 930812  849.000 1075.000  703.000 9890.000      14349        0
00305 930813 1028.000  860.000  693.000 10237.000       7873        0
00306 930816 1161.000  793.000  647.000 12880.000       6862        0
00307 930817 1020.000  922.000  668.000 14308.000       8575        0
00308 930818 1263.000  772.000  592.000 18904.000       8891        0
00309 930819  983.000  979.000  645.000 13970.000      10908        0
00310 930820 1006.000  959.000  675.000 11877.000      12172        0
00311 930823  935.000 1032.000  653.000 8529.000       9573        0
00312 930824 1301.000  698.000  608.000 17412.000       5684        0
00313 930825 1108.000  865.000  630.000 15209.000      11030        0
00314 930826 1029.000  914.000  671.000 12122.000       9614        0
00315 930827  910.000  988.000  711.000 7152.000       9520        0
00316 930830 1120.000  780.000  710.000 9487.000       6737        0
00317 930831 1192.000  788.000  649.000 12643.000       7477        0
00318 930901 1019.000  939.000  643.000 10901.000       9691        0
00319 930902  945.000 1033.000  646.000 9935.000      13362        0
00320 930903 1019.000  890.000  716.000 8378.000       8536        0
00321 930907  763.000 1239.000  615.000 6077.000      14723        0
00322 930908  606.000 1430.000  606.000 6835.000      17530        0
00323 930909 1130.000  877.000  619.000 15577.000       7116        0
00324 930910 1322.000  676.000  621.000 18094.000       6104        0
00325 930913 1057.000  969.000  604.000 10094.000      11463        0
00326 930914  679.000 1329.000  604.000 7908.000      14753        0
00327 930915  964.000  986.000  669.000 14045.000      11515        0
00328 930916  934.000  990.000  678.000 7969.000      11119        0
00329 930917  962.000  955.000  700.000 15363.000      16800        0
00330 930920  866.000 1119.000  638.000 7626.000      12505        0
00331 930921  600.000 1464.000  574.000 8619.000      17725        0
00332 930922 1337.000  665.000  626.000 18031.000       6554        0
00333 930923 1121.000  889.000  623.000 16072.000       8328        0
00334 930924 1014.000  950.000  653.000 12002.000       9622        0
00335 930927 1308.000  727.000  608.000 15311.000       5984        0
00336 930928 1082.000  926.000  638.000 11954.000       9388        0
00337 930929  998.000 1006.000  629.000 11969.000      13015        0
00338 930930 1130.000  866.000  636.000 11862.000      13017        0
00339 931001 1102.000  886.000  635.000 14639.000       8264        0
00340 931004 1149.000  878.000  618.000 11787.000       8272        0
00341 931005 1010.000 1001.000  609.000 12339.000      12910        0
00342 931006 1121.000  876.000  646.000 13094.000      11052        0
00343 931007  851.000 1103.000  676.000 8313.000      12862        0
00344 931008 1109.000  850.000  664.000 12217.000       8362        0
00345 931011 1029.000  943.000  661.000 8955.000       5977        0
00346 931012 1081.000  937.000  628.000 13930.000       8394        0
00347 931013  953.000 1004.000  671.000 14541.000      11317        0
00348 931014 1162.000  913.000  569.000 20595.000      11522        0
00349 931015 1200.000  808.000  616.000 20558.000      11021        0
00350 931018 1021.000 1048.000  607.000 14072.000      15624        0
00351 931019  774.000 1228.000  661.000 8864.000      17120        0
00352 931020  920.000 1112.000  629.000 13273.000      13949        0
00353 931021  956.000 1079.000  619.000 13184.000      12526        0
00354 931022  984.000 1042.000  619.000 13797.000      13469        0
00355 931025  929.000 1085.000  633.000 10993.000      10992        0
00356 931026  890.000 1131.000  644.000 11629.000      12728        0
00357 931027 1031.000  971.000  660.000 12726.000      10636        0
00358 931028 1164.000  869.000  633.000 17090.000       8518        0
00359 931029 1198.000  813.000  656.000 13900.000       9160        0
00360 931101 1078.000  957.000  624.000 13296.000       8889        0
00361 931102  891.000 1134.000  651.000 13547.000      13393        0
00362 931103  570.000 1529.000  579.000 8432.000      23046        0
00363 931104  479.000 1656.000  541.000 6706.000      22114        0
00364 931105  866.000 1265.000  562.000 17629.000      12273        0
00365 931108 1176.000  917.000  605.000 11488.000       8182        0
00366 931109 1195.000  900.000  589.000 13071.000      10999        0
00367 931110 1197.000  864.000  611.000 16573.000       8295        0
00368 931111  934.000 1115.000  612.000 13772.000      11286        0
00369 931112 1200.000  856.000  604.000 21415.000       8194        0
00370 931115  827.000 1256.000  583.000 8470.000      13485        0
00371 931116 1075.000 1003.000  624.000 15604.000      11572        0
00372 931117  780.000 1311.000  603.000 10174.000      17729        0
00373 931118  795.000 1276.000  617.000 11086.000      15940        0
00374 931119  795.000 1333.000  570.000 11078.000      15703        0
00375 931122  484.000 1700.000  511.000 6435.000      18618        0
00376 931123 1162.000  898.000  625.000 14746.000       8146        0
00377 931124 1209.000  793.000  689.000 12218.000       7698        0
00378 931126 1113.000  666.000  701.000 4631.000       3153        0
00379 931129 1053.000 1067.000  581.000 10404.000      13228        0
00380 931130  990.000 1095.000  613.000 10809.000      14125        0
00381 931201 1315.000  804.000  567.000 14341.000      10806        0
00382 931202 1168.000  846.000  672.000 12841.000       8977        0
00383 931203 1208.000  832.000  653.000 13157.000       7816        0
00384 931206 1219.000  866.000  610.000 13871.000      12211        0
00385 931207 1053.000  999.000  654.000 13387.000      10557        0
00386 931208 1065.000 1001.000  641.000 15286.000      12494        0
00387 931209  889.000 1157.000  663.000 10549.000      13187        0
00388 931210  961.000 1092.000  672.000 10536.000       9941        0
00389 931213  991.000 1056.000  662.000 13598.000       8211        0
00390 931214  696.000 1376.000  647.000 7894.000      16099        0
00391 931215  895.000 1172.000  649.000 10697.000      15924        0
00392 931216 1143.000  952.000  632.000 13833.000      10765        0
00393 931217 1453.000  666.000  606.000 22442.000       9157        0
00394 931220  990.000 1125.000  618.000 10749.000      10473        0
00395 931221  876.000 1211.000  643.000 9513.000      13019        0
00396 931222 1151.000  953.000  632.000 14268.000       8946        0
00397 931223 1257.000  835.000  635.000 12020.000       7384        0
00398 931227 1305.000  787.000  621.000 10777.000       4089        0
00399 931228 1217.000  825.000  665.000 10360.000       6302        0
00400 931229 1170.000  859.000  701.000 10673.000      10490        0
00401 931230  991.000 1093.000  638.000 6747.000       9008        0
00402 931231 1191.000  891.000  614.000 6685.000       7732        0
00403 940103  902.000 1318.000  514.000 11482.000      13258        0
00404 940104 1204.000  918.000  615.000 16883.000      11153        0
00405 940105 1196.000  999.000  558.000 20053.000      14346        0
00406 940106 1076.000 1054.000  597.000 15741.000      16702        0
00407 940107 1280.000  855.000  592.000 19120.000       9975        0
00408 940110 1326.000  852.000  564.000 20665.000       8432        0
00409 940111 1004.000 1145.000  604.000 13097.000      13556        0
00410 940112 1146.000  956.000  648.000 13662.000      13186        0
00411 940113  936.000 1142.000  663.000 11092.000      12922        0
00412 940114 1245.000  871.000  640.000 19010.000       8434        0
00413 940117  994.000 1071.000  642.000 10454.000       9467        0
00414 940118 1210.000  892.000  630.000 16166.000      11485        0
00415 940119 1144.000  983.000  608.000 13818.000      13924        0
00416 940120 1110.000  960.000  660.000 14311.000      12798        0
00417 940121  980.000 1086.000  691.000 14105.000      15029        0
00418 940124  934.000 1206.000  619.000 10668.000      15727        0
00419 940125  883.000 1202.000  667.000 10948.000      17336        0
00420 940126 1172.000  888.000  691.000 15441.000      11543        0
00421 940127 1392.000  784.000  639.000 21980.000       9266        0
00422 940128 1324.000  770.000  659.000 18222.000       8875        0
00423 940131 1396.000  733.000  638.000 20970.000       8126        0
00424 940201  961.000 1148.000  642.000 13679.000      14404        0
00425 940202 1279.000  851.000  620.000 18238.000      10987        0
00426 940203  918.000 1190.000  651.000 14226.000      13779        0
00427 940204  316.000 2037.000  401.000 2155.000      33734        0
00428 940207 1044.000 1178.000  527.000 17325.000      13128        0
00429 940208 1172.000  962.000  605.000 13900.000      13004        0
00430 940209 1289.000  850.000  600.000 18526.000      11654        0
00431 940210  811.000 1311.000  618.000 9285.000      19346        0
00432 940211  801.000 1214.000  675.000 8549.000      10328        0
00433 940214 1134.000 1029.000  602.000 11651.000      11299        0
00434 940215 1198.000  882.000  681.000 17490.000       8692        0
00435 940216 1183.000  965.000  621.000 13159.000      12868        0
00436 940217  882.000 1251.000  639.000 12215.000      18262        0
00437 940218  706.000 1411.000  635.000 7908.000      17139        0
00438 940222 1139.000 1003.000  626.000 15998.000       8036        0
00439 940223  948.000 1177.000  646.000 14371.000      12812        0
00440 940224  442.000 1795.000  546.000 6196.000      25474        0
00441 940225 1169.000  963.000  628.000 14647.000       9071        0
00442 940228 1457.000  727.000  575.000 15256.000       8419        0
00443 940301  716.000 1449.000  610.000 7574.000      18660        0
00444 940302  788.000 1404.000  579.000 14888.000      17196        0
00445 940303  950.000 1190.000  614.000 11831.000      13028        0
00446 940304 1279.000  829.000  653.000 17797.000       8982        0
00447 940307 1443.000  762.000  573.000 16439.000       8555        0
00448 940308  944.000 1174.000  658.000 11381.000      15010        0
00449 940309 1017.000 1105.000  648.000 15180.000      12724        0
00450 940310  688.000 1486.000  613.000 12530.000      17739        0
00451 940311 1137.000  962.000  672.000 17597.000       9627        0
00452 940314 1159.000  949.000  697.000 13385.000       8498        0
00453 940315 1100.000 1012.000  684.000 14258.000      12098        0
00454 940316 1346.000  803.000  633.000 19756.000       7370        0
00455 940317 1149.000 1015.000  613.000 16441.000      10673        0
00456 940318 1071.000 1091.000  624.000 19231.000      20317        0
00457 940321  627.000 1580.000  577.000 6786.000      14687        0
00458 940322 1189.000  925.000  657.000 14733.000       9921        0
00459 940323 1159.000  945.000  658.000 13255.000      11185        0
00460 940324  520.000 1739.000  526.000 6952.000      20659        0
00461 940325  860.000 1198.000  685.000 7959.000      14018        0
00462 940328  652.000 1567.000  576.000 8260.000      18042        0
00463 940329  280.000 2034.000  473.000 1804.000      26065        0
00464 940330  357.000 2041.000  405.000 6194.000      30406        0
00465 940331  752.000 1532.000  526.000 15053.000      20451        0
00466 940404  376.000 2121.000  321.000 4558.000      27922        0
00467 940405 2152.000  315.000  353.000 32585.000       2614        0
00468 940406 1268.000  956.000  587.000 14947.000      12261        0
00469 940407 1370.000  761.000  651.000 17122.000       8230        0
00470 940408  800.000 1406.000  600.000 7487.000      15672        0
00471 940411 1165.000 1015.000  607.000 12898.000       8113        0
00472 940412  872.000 1258.000  653.000 8093.000      14000        0
00473 940413  696.000 1505.000  598.000 7742.000      17212        0
00474 940414  932.000 1224.000  640.000 13060.000      11835        0
00475 940415 1029.000 1108.000  638.000 14021.000      12991        0
00476 940418  631.000 1645.000  524.000 7449.000      17598        0
00477 940419  749.000 1491.000  564.000 10359.000      18666        0
00478 940420  835.000 1417.000  550.000 11647.000      21564        0
00479 940421 1573.000  704.000  512.000 27649.000       7455        0
00480 940422 1282.000  930.000  572.000 14503.000      12549        0
00481 940425 1535.000  654.000  596.000 17340.000       5733        0
00482 940426 1268.000  913.000  618.000 14508.000      11183        0
00483 940428  936.000 1275.000  606.000 12434.000      16117        0
00484 940429 1297.000  855.000  626.000 16273.000       8099        0
00485 940502 1235.000  946.000  609.000 17911.000       9262        0
00486 940503  993.000 1112.000  694.000 11584.000      13541        0
00487 940504  917.000 1112.000  665.000 9372.000      13435        0
00488 940505 1019.000 1087.000  674.000 9993.000      12031        0
00489 940506  558.000 1713.000  524.000 8420.000      17487        0
00490 940509  509.000 1756.000  546.000 4595.000      18208        0
00491 940510 1327.000  887.000  614.000 17515.000       9234        0
00492 940511  672.000 1550.000  602.000 6887.000      18002        0
00493 940512 1207.000  977.000  646.000 14794.000       9028        0
00494 940513 1033.000 1091.000  668.000 11130.000      10023        0
00495 940516  988.000 1188.000  646.000 10200.000       9929        0
00496 940517 1360.000  843.000  613.000 18919.000       8584        0
00497 940518 1629.000  679.000  526.000 24116.000       7073        0
00498 940519 1318.000  886.000  625.000 19121.000       7294        0
00499 940520 1027.000 1146.000  647.000 12191.000      13102        0
00500 940523  911.000 1223.000  682.000 9778.000      11953        0
00501 940524 1243.000  908.000  660.000 15181.000       9475        0
00502 940525 1111.000 1029.000  670.000 13287.000       9070        0
00503 940526 1183.000  915.000  718.000 12196.000       9826        0
00504 940527 1128.000  913.000  753.000 8262.000       7275        0
00505 940531  971.000 1203.000  632.000 7743.000       8960        0
00506 940601 1177.000  934.000  691.000 14319.000       9623        0
00507 940602 1296.000  866.000  666.000 13587.000       9960        0
00508 940603 1350.000  795.000  679.000 14434.000       8828        0
00509 940606 1320.000  864.000  632.000 11845.000      10686        0
00510 940607  902.000 1190.000  727.000 8115.000      12388        0
00511 940608  955.000 1175.000  692.000 8138.000      13882        0
00512 940609  988.000 1081.000  743.000 9292.000      12606        0
00513 940610 1189.000  878.000  762.000 11424.000       7351        0
00514 940613 1066.000 1037.000  723.000 13389.000       7538        0
00515 940614 1298.000  825.000  709.000 17241.000       7452        0
00516 940615  945.000 1176.000  696.000 10230.000      12338        0
00517 940616 1164.000  960.000  721.000 11665.000       9936        0
00518 940617  769.000 1429.000  630.000 9315.000      23620        0
00519 940620  495.000 1748.000  582.000 4695.000      15557        0
00520 940621  497.000 1715.000  628.000 6430.000      20382        0
00521 940622 1266.000  862.000  698.000 13527.000       8423        0
00522 940623  720.000 1424.000  697.000 6345.000      15569        0
00523 940624  383.000 1896.000  524.000 3385.000      19983        0
00524 940627 1108.000 1054.000  657.000 14797.000       6872        0
00525 940628  775.000 1343.000  706.000 9783.000      13071        0
00526 940629 1251.000  885.000  695.000 13711.000       8597        0
00527 940630  951.000 1275.000  608.000 8349.000      17676        0
00528 940701 1282.000  810.000  699.000 11559.000       5697        0
00529 940705 1091.000 1030.000  689.000 8618.000       7758        0
00530 940706 1024.000 1082.000  717.000 9612.000      10442        0
00531 940707 1263.000  858.000  714.000 14412.000       8112        0
00532 940708  964.000 1170.000  703.000 11442.000       8436        0
00533 940711 1023.000 1165.000  654.000 9116.000      10240        0
00534 940712 1074.000 1012.000  759.000 11740.000      10196        0
00535 940713 1155.000  912.000  777.000 13619.000       9640        0
00536 940714 1663.000  555.000  612.000 22948.000       6244        0
00537 940715 1203.000  876.000  756.000 13989.000       9650        0
00538 940718 1135.000 1023.000  705.000 12480.000       7316        0
00539 940719  979.000 1108.000  763.000 8806.000      12691        0
00540 940720  756.000 1401.000  670.000 7135.000      15575        0
00541 940721  967.000 1111.000  765.000 14012.000      11479        0
00542 940722 1103.000  982.000  758.000 12579.000       9852        0
00543 940725 1077.000 1050.000  710.000 11256.000       7918        0
00544 940726  935.000 1165.000  750.000 9206.000       9994        0
00545 940727  897.000 1272.000  671.000 9355.000      12885        0
00546 940728 1079.000  999.000  764.000 11819.000       8860        0
00547 940729 1629.000  614.000  624.000 18851.000       4781        0
00548 940801 1408.000  802.000  643.000 16745.000       6000        0
00549 940802 1268.000  906.000  674.000 16274.000       9805        0
00550 940803 1100.000 1004.000  736.000 14458.000       9846        0
00551 940804  912.000 1188.000  742.000 9358.000      15121        0
00552 940805  794.000 1341.000  719.000 8212.000      11671        0
00553 940808 1169.000  962.000  730.000 10767.000       7307        0
00554 940809  974.000 1145.000  742.000 12632.000       9505        0
00555 940810 1186.000  941.000  727.000 15831.000       8871        0
00556 940811  757.000 1378.000  699.000 9313.000      13796        0
00557 940812 1236.000  845.000  752.000 14304.000       7484        0
00558 940815 1064.000 1040.000  765.000 9855.000       8911        0
00559 940816 1275.000  919.000  688.000 19198.000       7220        0
00560 940817 1190.000  963.000  707.000 17082.000      10628        0
00561 940818  890.000 1299.000  674.000 9899.000      14791        0
00562 940819 1157.000  917.000  783.000 13601.000       9328        0
00563 940822  922.000 1238.000  711.000 9736.000      10147        0
00564 940823 1347.000  766.000  758.000 16764.000       8428        0
00565 940824 1379.000  814.000  699.000 20564.000       7344        0
00566 940825 1057.000 1122.000  694.000 12302.000      12277        0
00567 940826 1508.000  699.000  670.000 21761.000       5459        0
00568 940829 1237.000  903.000  724.000 15018.000       8074        0
00569 940830 1281.000  865.000  729.000 17038.000       8177        0
00570 940831 1236.000  965.000  685.000 17108.000      14340        0
00571 940901  852.000 1321.000  712.000 8325.000      16255        0
00572 940902  953.000 1066.000  822.000 7959.000       9855        0
00573 940906  956.000 1142.000  755.000 8952.000       8212        0
00574 940907 1036.000 1114.000  731.000 12129.000      13514        0
00575 940908 1319.000  837.000  715.000 17542.000       8485        0
00576 940909  584.000 1635.000  630.000 6291.000      19997        0
00577 940912  735.000 1404.000  757.000 8714.000      12405        0
00578 940913 1142.000  998.000  729.000 12852.000      11274        0
00579 940914 1108.000 1058.000  699.000 14564.000      12011        0
00580 940915 1529.000  625.000  710.000 20235.000       4482        0
00581 940916  739.000 1418.000  722.000 10968.000      24868        0
00582 940919  966.000 1214.000  702.000 12003.000      11829        0
00583 940920  492.000 1812.000  580.000 5339.000      24555        0
00584 940921  642.000 1586.000  659.000 10832.000      19591        0
00585 940922 1007.000 1155.000  710.000 13025.000      13636        0
00586 940923  891.000 1274.000  729.000 11279.000      15718        0
00587 940926  982.000 1153.000  729.000 11260.000      11588        0
00588 940927 1010.000 1169.000  716.000 13980.000      11512        0
00589 940928 1401.000  806.000  661.000 18822.000      10398        0
00590 940929  874.000 1262.000  725.000 9985.000      16522        0
00591 940930 1303.000  850.000  714.000 15590.000       9621        0
00592 941003  841.000 1351.000  667.000 9949.000      13586        0
00593 941004  542.000 1736.000  595.000 4038.000      25938        0
00594 941005  543.000 1761.000  564.000 9693.000      22829        0
00595 941006  988.000 1124.000  721.000 10298.000      12701        0
00596 941007 1245.000  946.000  664.000 15960.000       8503        0
00597 941010 1414.000  731.000  684.000 14239.000       4710        0
00598 941011 1560.000  668.000  643.000 24947.000       7382        0
00599 941012 1015.000 1110.000  743.000 12451.000      10769        0
00600 941013 1333.000  886.000  661.000 17453.000      11645        0
00601 941014 1022.000 1054.000  781.000 12905.000       9093        0
00602 941017 1057.000 1129.000  705.000 10728.000      10252        0
00603 941018  891.000 1299.000  700.000 9196.000      12779        0
00604 941019 1116.000 1018.000  765.000 18230.000       9465        0
00605 941020  702.000 1523.000  660.000 9029.000      19545        0
00606 941021  843.000 1273.000  785.000 9367.000      17253        0
00607 941024  698.000 1537.000  657.000 7483.000      17197        0
00608 941025  799.000 1408.000  687.000 12157.000      15941        0
00609 941026 1000.000 1219.000  681.000 15497.000      13280        0
00610 941027 1257.000  933.000  694.000 19491.000      10103        0
00611 941028 1661.000  616.000  629.000 29282.000       5740        0
00612 941031 1047.000 1160.000  684.000 11322.000      15115        0
00613 941101  627.000 1619.000  643.000 8011.000      19305        0
00614 941102  943.000 1275.000  697.000 13053.000      15907        0
00615 941103 1089.000 1050.000  766.000 14505.000       9847        0
00616 941104  672.000 1499.000  720.000 6768.000      17394        0
00617 941107  839.000 1395.000  676.000 10379.000      11343        0
00618 941108 1118.000 1061.000  726.000 15929.000       8556        0
00619 941109 1019.000 1189.000  711.000 14081.000      15212        0
00620 941110  804.000 1356.000  750.000 9706.000      13756        0
00621 941111  639.000 1548.000  687.000 6309.000      13057        0
00622 941114 1258.000 1015.000  639.000 14642.000       7855        0
00623 941115 1127.000 1103.000  697.000 15373.000      13800        0
00624 941116 1038.000 1198.000  689.000 11992.000      13234        0
00625 941117  762.000 1470.000  706.000 8896.000      18985        0
00626 941118  801.000 1422.000  708.000 10639.000      20637        0
00627 941121  810.000 1492.000  631.000 8343.000      17554        0
00628 941122  491.000 1901.000  551.000 4642.000      30946        0
00629 941123 1144.000 1239.000  559.000 19093.000      19613        0
00630 941125 1505.000  569.000  674.000 7916.000       2091        0
00631 941128 1160.000 1091.000  665.000 13500.000       9433        0
00632 941129 1155.000 1075.000  706.000 15001.000       9011        0
00633 941130 1263.000 1011.000  685.000 12311.000      13174        0
00634 941201  692.000 1553.000  692.000 5060.000      20403        0
00635 941202 1402.000  889.000  629.000 16222.000       8614        0
00636 941205 1183.000 1061.000  693.000 11914.000      10379        0
00637 941206  943.000 1282.000  710.000 10289.000      13684        0
00638 941207  691.000 1548.000  691.000 7540.000      16955        0
00639 941208  541.000 1813.000  590.000 6050.000      27255        0
00640 941209  943.000 1303.000  676.000 15198.000      13359        0
00641 941212 1112.000 1123.000  699.000 13348.000      10711        0
00642 941213 1256.000 1027.000  680.000 15454.000      10578        0
00643 941214 1565.000  771.000  622.000 24707.000       6553        0
00644 941215 1499.000  815.000  648.000 16871.000      12468        0
00645 941216 1364.000  938.000  636.000 28847.000      13263        0
00646 941219  971.000 1301.000  679.000 10565.000      13273        0
00647 941220 1126.000 1125.000  711.000 13200.000      14412        0
00648 941221 1473.000  881.000  611.000 19921.000      12863        0
00649 941222 1115.000 1216.000  634.000 12227.000      17297        0
00650 941223 1223.000  949.000  750.000 9505.000       7079        0
00651 941227 1214.000 1031.000  679.000 9921.000       8654        0
00652 941228  879.000 1335.000  736.000 9028.000      11931        0
00653 941229 1164.000 1086.000  731.000 12673.000       8505        0
00654 941230 1376.000 1018.000  599.000 10819.000      10869        0
00655 950103 1186.000 1202.000  542.000 10461.000      12200        0
00656 950104 1414.000  949.000  578.000 15958.000      12571        0
00657 950105 1155.000 1075.000  705.000 13934.000      11476        0
00658 950106 1218.000  981.000  749.000 14416.000      12216        0
00659 950109 1188.000 1011.000  732.000 14222.000      10249        0
00660 950110 1145.000 1145.000  666.000 14335.000      16055        0
00661 950111 1051.000 1179.000  707.000 16400.000      13167        0
00662 950112 1128.000 1057.000  759.000 14524.000      11937        0
00663 950113 1680.000  658.000  621.000 23352.000       6042        0
00664 950116 1448.000  799.000  686.000 20554.000       7521        0
00665 950117 1303.000  948.000  704.000 17130.000      11921        0
00666 950118 1061.000 1171.000  725.000 13349.000      16919        0
00667 950119  748.000 1423.000  787.000 7868.000      17592        0
00668 950120  744.000 1472.000  734.000 11512.000      21172        0
00669 950123  826.000 1399.000  692.000 13296.000      14662        0
00670 950124 1265.000  936.000  736.000 14692.000      10366        0
00671 950125 1201.000  956.000  766.000 15833.000      13341        0
00672 950126 1115.000 1019.000  794.000 14997.000      11870        0
00673 950127 1283.000  956.000  688.000 17203.000      12889        0
00674 950130  835.000 1402.000  687.000 10309.000      17932        0
00675 950131 1289.000  918.000  725.000 22417.000      15293        0
00676 950201 1278.000  935.000  713.000 20224.000      15341        0
00677 950202 1295.000  901.000  735.000 18863.000       9601        0
00678 950203 1853.000  526.000  560.000 33363.000       6625        0
00679 950206 1383.000  890.000  676.000 18247.000      10286        0
00680 950207 1236.000  961.000  750.000 12541.000      14222        0
00681 950208 1120.000 1038.000  779.000 14459.000      12497        0
00682 950209 1147.000 1087.000  724.000 14987.000      13238        0
00683 950210 1230.000  931.000  770.000 16380.000       8772        0
00684 950213 1144.000 1090.000  727.000 11128.000      10861        0
00685 950214 1073.000 1110.000  766.000 14373.000      11513        0
00686 950215 1482.000  745.000  738.000 20170.000      12619        0
00687 950216  886.000 1334.000  749.000 14247.000      15324        0
00688 950217  913.000 1240.000  806.000 9712.000      20961        0
00689 950221 1074.000 1179.000  735.000 13391.000      13759        0
00690 950222 1241.000  944.000  773.000 19119.000      10313        0
00691 950223 1446.000  787.000  737.000 21623.000      13247        0
00692 950224 1117.000 1040.000  821.000 13798.000      12516        0
00693 950227  632.000 1608.000  703.000 4937.000      20198        0
00694 950228 1603.000  690.000  657.000 21566.000       6386        0
00695 950301 1010.000 1254.000  688.000 14605.000      17410        0
00696 950302 1003.000 1180.000  767.000 12668.000      16070        0
00697 950303  972.000 1165.000  792.000 14669.000      14897        0
00698 950306  785.000 1453.000  716.000 10999.000      15165        0
00699 950307  604.000 1676.000  666.000 8932.000      21938        0
00700 950308 1125.000 1052.000  784.000 15275.000      14037        0
00701 950309 1058.000 1097.000  790.000 14952.000      12641        0
00702 950310 1588.000  657.000  717.000 28063.000       6908        0
00703 950313 1128.000 1131.000  719.000 13122.000      10881        0
00704 950314 1452.000  772.000  748.000 19029.000      11417        0
00705 950315 1011.000 1118.000  828.000 13400.000      13179        0
00706 950316 1420.000  801.000  738.000 20427.000       9273        0
00707 950317  881.000 1305.000  771.000 17194.000      18727        0
00708 950320 1073.000 1105.000  786.000 17194.000      18727        0
00709 950321  974.000 1210.000  799.000 15790.000      15835        0
00710 950322  982.000 1134.000  833.000 14226.000      12733        0
00711 950323 1046.000 1012.000  883.000 14228.000      11944        0
00712 950324 1625.000  657.000  680.000 25562.000       5697        0
00713 950327 1361.000  826.000  774.000 18125.000       7349        0
00714 950328 1103.000 1089.000  761.000 16095.000      11993        0
00715 950329 1084.000 1069.000  817.000 16674.000      16656        0
00716 950330 1310.000  825.000  811.000 20229.000      11619        0
00717 950331  994.000 1232.000  721.000 13002.000      18948        0
00718 950403 1129.000 1080.000  750.000 14425.000      10613        0
00719 950404 1437.000  846.000  685.000 18970.000      10721        0
00720 950405 1193.000  984.000  797.000 16285.000      11023        0
00721 950406 1127.000  983.000  842.000 15489.000      12358        0
00722 950407  980.000 1141.000  836.000 13320.000      13261        0
00723 950410 1109.000 1057.000  808.000 11895.000      10093        0
00724 950411 1066.000 1123.000  771.000 12521.000      14187        0
00725 950412 1182.000  995.000  803.000 18488.000       9771        0
00726 950413 1278.000  912.000  778.000 15590.000      10635        0
00727 950417 1104.000 1130.000  748.000 13133.000      16351        0
00728 950418  968.000 1247.000  772.000 13266.000      16950        0
00729 950419  942.000 1227.000  808.000 12952.000      20037        0
00730 950420 1190.000 1036.000  765.000 17233.000      15303        0
00731 950421 1330.000  855.000  788.000 23599.000      11470        0
00732 950424 1366.000  863.000  744.000 21271.000       7120        0
00733 950425 1160.000 1070.000  749.000 14556.000      16513        0
00734 950426 1160.000 1075.000  742.000 17511.000      14016        0
00735 950427 1134.000 1096.000  752.000 15775.000      15154        0
00736 950428 1170.000 1039.000  775.000 15103.000      13333        0
00737 950501 1022.000 1186.000  769.000 12274.000      12585        0
00738 950502 1155.000 1023.000  798.000 14794.000      11405        0
00739 950503 1526.000  776.000  710.000 25677.000       8631        0
00740 950504 1165.000 1111.000  712.000 20047.000      19084        0
00741 950505 1245.000 1064.000  702.000 16783.000      14274        0
00742 950508 1480.000  770.000  747.000 18002.000       7456        0
00743 950509 1334.000  994.000  683.000 18766.000      12773        0
00744 950510 1229.000 1036.000  747.000 20384.000      12105        0
00745 950511 1144.000 1118.000  733.000 16749.000      12677        0
00746 950512 1230.000  991.000  758.000 19809.000      11621        0
00747 950515 1373.000  902.000  721.000 18356.000       9722        0
00748 950516 1389.000  873.000  735.000 17000.000      14795        0
00749 950517  976.000 1256.000  767.000 13450.000      16245        0
00750 950518  552.000 1780.000  662.000 5850.000      26129        0
00751 950519  888.000 1321.000  777.000 13482.000      16540        0
00752 950522 1335.000  871.000  777.000 17950.000       6803        0
00753 950523 1440.000  805.000  759.000 23111.000       8540        0
00754 950524 1196.000 1029.000  768.000 18547.000      16125        0
00755 950525 1053.000 1158.000  751.000 13941.000      15203        0
00756 950526  849.000 1356.000  757.000 6705.000      19632        0
00757 950530 1222.000 1030.000  728.000 11199.000      13360        0
00758 950531 1585.000  708.000  711.000 27475.000       4478        0
00759 950601 1235.000  927.000  829.000 17451.000      11030        0
00760 950602 1472.000  919.000  628.000 17546.000      15520        0
00761 950605 1566.000  734.000  704.000 20611.000       8522        0
00762 950606 1143.000 1108.000  766.000 16115.000      13422        0
00763 950607  898.000 1347.000  758.000 10676.000      17690        0
00764 950608 1043.000 1163.000  711.000 12263.000      12718        0
00765 950609  638.000 1600.000  747.000 7657.000      20931        0
00766 950612 1266.000  928.000  799.000 16855.000       8278        0
00767 950613 1611.000  753.000  636.000 23983.000       6149        0
00768 950614 1086.000 1158.000  754.000 14639.000      14445        0
00769 950615 1181.000  985.000  823.000 16524.000      12093        0
00770 950616 1091.000 1070.000  832.000 22923.000      15999        0
00771 950619 1343.000  950.000  698.000 20811.000       8686        0
00772 950620 1063.000 1230.000  735.000 16777.000      16417        0
00773 950621 1175.000 1064.000  766.000 17934.000      17608        0
00774 950622 1536.000  745.000  725.000 29527.000       8081        0
00775 950623  885.000 1326.000  775.000 11439.000      15888        0
00776 950626  681.000 1598.000  733.000 5361.000      21078        0
00777 950627 1076.000 1151.000  785.000 12509.000      17765        0
00778 950628 1242.000  991.000  765.000 17533.000      15120        0
00779 950629 1040.000 1188.000  753.000 14363.000      13149        0
00780 950630 1568.000  745.000  682.000 17730.000       9471        0
00781 950703 1172.000  854.000  814.000 7159.000       2829        0
00782 950705 1332.000 1012.000  643.000 18866.000      12072        0
00783 950706 1683.000  678.000  651.000 30651.000       7739        0
00784 950707 1616.000  741.000  672.000 30334.000      12834        0
00785 950710 1384.000  985.000  658.000 22078.000      15312        0
00786 950711 1045.000 1332.000  660.000 13611.000      20336        0
00787 950712 1493.000  827.000  694.000 27901.000       8866        0
00788 950713 1044.000 1230.000  734.000 19344.000      15585        0
00789 950714  921.000 1321.000  751.000 11623.000      15521        0
00790 950717 1207.000 1070.000  742.000 16763.000      11637        0
00791 950718  759.000 1558.000  711.000 9708.000      22930        0
00792 950719  344.000 2142.000  530.000 5338.000      40070        0
00793 950720 1484.000  868.000  661.000 23757.000      10762        0
00794 950721 1191.000 1040.000  746.000 20080.000      17362        0
00795 950724 1435.000  845.000  704.000 18273.000       9228        0
00796 950725 1351.000  948.000  727.000 23463.000      10053        0
00797 950726 1252.000 1031.000  729.000 19978.000      15206        0
00798 950727 1490.000  840.000  680.000 22687.000       9084        0
00799 950728 1072.000 1138.000  770.000 12511.000      14897        0
00800 950731 1159.000 1059.000  793.000 12500.000      12241        0
00801 950801  969.000 1290.000  753.000 12720.000      16165        0
00802 950802 1314.000  956.000  744.000 17133.000      15486        0
00803 950803  953.000 1270.000  778.000 15674.000      15336        0
00804 950804 1166.000 1027.000  815.000 15293.000      11101        0
00805 950807 1208.000  971.000  822.000 13365.000      10537        0
00806 950808 1015.000 1156.000  845.000 12487.000      13736        0
00807 950809 1036.000 1166.000  809.000 10431.000      14935        0
00808 950810 1000.000 1181.000  820.000 12006.000      13615        0
00809 950811  840.000 1359.000  811.000 8270.000      14135        0
00810 950814 1253.000  948.000  787.000 14648.000       8138        0
00811 950815 1033.000 1192.000  790.000 14054.000      14635        0
00812 950816 1389.000  899.000  745.000 21116.000      14327        0
00813 950817 1141.000 1081.000  784.000 15240.000      13212        0
00814 950818 1207.000  996.000  810.000 14614.000      11264        0
00815 950821 1332.000  924.000  756.000 14220.000      11517        0
00816 950822 1028.000 1157.000  835.000 13569.000      11273        0
00817 950823  896.000 1320.000  794.000 9980.000      15738        0
00818 950824 1089.000 1112.000  811.000 12139.000      13012        0
00819 950825 1291.000  863.000  841.000 13026.000       8773        0
00820 950828 1145.000 1104.000  785.000 11571.000      11714        0
00821 950829 1033.000 1205.000  779.000 13007.000      14464        0
00822 950830 1254.000  977.000  784.000 17654.000      11181        0
00823 950831 1305.000  867.000  840.000 15514.000      10493        0
00824 950901 1349.000  856.000  786.000 14989.000       7462        0
00825 950905 1508.000  800.000  726.000 21670.000       7254        0
00826 950906 1315.000  918.000  802.000 19712.000      12094        0
00827 950907 1176.000 1055.000  803.000 14844.000      12828        0
00828 950908 1420.000  825.000  782.000 18403.000       9687        0
00829 950911 1181.000 1082.000  784.000 14211.000      11107        0
00830 950912 1426.000  913.000  712.000 18609.000      11583        0
00831 950913 1192.000 1087.000  754.000 17162.000      16284        0
00832 950914 1327.000  969.000  761.000 21974.000      13059        0
00833 950915 1119.000 1152.000  793.000 20430.000      21054        0
00834 950918  851.000 1412.000  783.000 12727.000      15910        0
00835 950919 1123.000 1108.000  817.000 17427.000      15489        0
00836 950920 1219.000 1048.000  786.000 20732.000      13801        0
00837 950921  828.000 1435.000  788.000 11172.000      21512        0
00838 950922  761.000 1499.000  759.000 11294.000      19876        0
00839 950925  892.000 1336.000  786.000 10038.000      13976        0
00840 950926 1089.000 1161.000  796.000 16593.000      15414        0
00841 950927  842.000 1469.000  714.000 16745.000      19760        0
00842 950928 1467.000  806.000  741.000 25421.000       7921        0
00843 950929 1465.000  778.000  785.000 14213.000      14162        0
00844 951002  934.000 1345.000  745.000 9889.000      16639        0
00845 951003  935.000 1336.000  764.000 14341.000      20634        0
00846 951004  868.000 1369.000  771.000 11390.000      19112        0
00847 951005 1184.000 1107.000  743.000 19623.000      12883        0
00848 951006 1197.000  993.000  823.000 14004.000      12724        0
00849 951009  621.000 1633.000  750.000 5579.000      19383        0
00850 951010  845.000 1458.000  742.000 15181.000      22240        0
00851 951011 1451.000  814.000  779.000 21312.000       9544        0
00852 951012 1468.000  808.000  779.000 20854.000       9834        0
00853 951013 1549.000  805.000  699.000 22083.000      12001        0
00854 951016 1061.000 1210.000  789.000 11239.000      15444        0
00855 951017 1119.000 1114.000  824.000 18143.000      12694        0
00856 951018 1174.000 1089.000  795.000 19656.000      17239        0
00857 951019 1102.000 1193.000  776.000 16845.000      19576        0
00858 951020  946.000 1357.000  731.000 11786.000      23343        0
00859 951023  772.000 1537.000  733.000 11199.000      18416        0
00860 951024 1110.000 1165.000  766.000 18611.000      18255        0
00861 951025  805.000 1525.000  728.000 12063.000      27743        0
00862 951026  664.000 1727.000  673.000 8339.000      33816        0
00863 951027 1148.000 1077.000  812.000 21028.000      12680        0
00864 951030 1294.000 1005.000  753.000 18788.000       9323        0
00865 951031 1153.000 1214.000  703.000 14522.000      19240        0
00866 951101 1338.000  957.000  751.000 21096.000      12929        0
00867 951102 1614.000  745.000  709.000 28240.000       8471        0
00868 951103 1290.000  940.000  838.000 17573.000      12314        0
00869 951106 1071.000 1162.000  813.000 12168.000      10324        0
00870 951107 1020.000 1233.000  816.000 11251.000      20333        0
00871 951108 1368.000  923.000  765.000 19773.000      12204        0
00872 951109 1173.000 1066.000  832.000 19372.000      14293        0
00873 951110  975.000 1246.000  842.000 11497.000      13850        0
00874 951113 1027.000 1253.000  778.000 11690.000      13385        0
00875 951114  950.000 1356.000  753.000 12484.000      19453        0
00876 951115 1194.000 1060.000  820.000 19937.000      13089        0
00877 951116 1535.000  809.000  743.000 25597.000      11923        0
00878 951117 1368.000  931.000  798.000 27201.000      11088        0
00879 951120 1047.000 1274.000  760.000 10980.000      18436        0
00880 951121 1278.000 1077.000  744.000 21441.000      15035        0
00881 951122 1202.000 1104.000  786.000 20399.000      15813        0
00882 951124 1154.000  787.000  946.000 7613.000       2987        0
00883 951127 1300.000 1066.000  736.000 19254.000      12653        0
00884 951128 1249.000 1047.000  798.000 21083.000      14637        0
00885 951129 1349.000  950.000  788.000 23817.000      11742        0
00886 951130 1371.000 1029.000  691.000 21464.000      17945        0
00887 951201 1434.000  944.000  712.000 19784.000      16294        0
00888 951204 1675.000  798.000  643.000 26312.000      10242        0
00889 951205 1410.000  979.000  725.000 23431.000      15098        0
00890 951206 1277.000 1098.000  745.000 20512.000      15187        0
00891 951207  876.000 1562.000  667.000 12611.000      21909        0
00892 951208 1132.000 1152.000  795.000 16620.000      11876        0
00893 951211 1207.000 1133.000  758.000 16746.000      13393        0
00894 951212 1207.000 1133.000  758.000 16746.000      13393        0
00895 951213 1452.000  979.000  669.000 21014.000      15708        0
00896 951214 1070.000 1304.000  727.000 14108.000      26968        0
00897 951215 1133.000 1244.000  738.000 24479.000      33290        0
00898 951218  487.000 2023.000  599.000 4537.000      32743        0
00899 951219 1526.000  914.000  683.000 29767.000      13954        0
00900 951220 1464.000  964.000  682.000 19901.000      20389        0
00901 951221 1417.000  951.000  738.000 25270.000      12216        0
00902 951222 1365.000  950.000  775.000 15645.000       9402        0
00903 951226 1272.000 1034.000  759.000 10626.000       7804        0
00904 951227 1328.000  985.000  780.000 12525.000       8980        0
00905 951228 1249.000 1088.000  768.000 12813.000      12372        0
00906 951229 1558.000  838.000  726.000 18699.000       9502        0
00907 960102 1591.000  917.000  601.000 22023.000      11819        0
00908 960103 1521.000  932.000  643.000 26713.000      16022        0
00909 960104  927.000 1525.000  665.000 16952.000      29846        0
00910 960105 1157.000 1183.000  768.000 17792.000      20216        0
00911 960108 1261.000  904.000  812.000 7006.000       4075        0
00912 960109  861.000 1575.000  666.000 8403.000      29756        0
00913 960110  524.000 1961.000  610.000 9121.000      37879        0
00914 960111 1428.000  908.000  752.000 25502.000      10494        0
00915 960112 1102.000 1206.000  776.000 14071.000      19723        0
00916 960115  957.000 1330.000  779.000 10016.000      16633        0
00917 960116 1432.000  948.000  714.000 26545.000      11345        0
00918 960117 1213.000 1111.000  778.000 21864.000      20501        0
00919 960118 1392.000  991.000  720.000 22687.000      17129        0
00920 960119 1338.000 1059.000  712.000 30178.000      15575        0
00921 960122 1218.000 1109.000  776.000 23111.000      12074        0
00922 960123 1138.000 1201.000  756.000 18920.000      17358        0
00923 960124 1483.000  900.000  725.000 28700.000      15179        0
00924 960125 1042.000 1267.000  774.000 17448.000      22871        0
00925 960126 1265.000 1044.000  772.000 21858.000      11763        0
00926 960129 1325.000  970.000  789.000 21086.000      10914        0
00927 960130 1665.000  774.000  682.000 29485.000      12129        0
00928 960131 1569.000  824.000  721.000 29500.000      13124        0
00929 960201 1400.000 1028.000  674.000 27725.000      13783        0
00930 960202 1076.000 1273.000  748.000 18059.000      18725        0
00931 960205 1260.000 1116.000  725.000 23465.000      10139        0
00932 960206 1404.000  968.000  756.000 28752.000      13362        0
00933 960207 1227.000 1149.000  743.000 21995.000      18748        0
00934 960208 1343.000  960.000  788.000 28094.000      15018        0
00935 960209 1219.000 1122.000  761.000 21447.000      21957        0
00936 960212 1356.000  956.000  789.000 23720.000      11892        0
00937 960213 1090.000 1226.000  804.000 17978.000      20694        0
00938 960214 1173.000 1156.000  772.000 16773.000      20102        0
00939 960215 1110.000 1226.000  767.000 15757.000      20813        0
00940 960216 1075.000 1277.000  757.000 16359.000      22556        0
00941 960220  536.000 1960.000  610.000 7134.000      29180        0
00942 960221 1525.000  818.000  770.000 30347.000       8548        0
00943 960222 1768.000  682.000  663.000 38238.000       6372        0
00944 960223 1115.000 1285.000  726.000 20256.000      18541        0
00945 960226  797.000 1605.000  705.000 9955.000      26194        0
00946 960227 1014.000 1340.000  765.000 14541.000      23940        0
00947 960228 1234.000 1123.000  747.000 19116.000      19970        0
00948 960229  900.000 1474.000  723.000 13378.000      26984        0
00949 960301 1435.000  905.000  734.000 25956.000      18642        0
00950 960304 1625.000  771.000  706.000 27077.000      10886        0
00951 960305 1220.000 1123.000  796.000 22492.000      15886        0
00952 960306 1140.000 1187.000  781.000 17581.000      20794        0
00953 960307 1139.000 1161.000  816.000 19415.000      18340        0
00954 960308  173.000 2688.000  305.000 19415.000      48227        0
00955 960311 1588.000  907.000  636.000 27023.000      13326        0
00956 960312  932.000 1480.000  701.000 16616.000      23814        0
00957 960313 1536.000  884.000  706.000 23876.000      12307        0
00958 960314 1449.000  929.000  737.000 28365.000      16557        0
00959 960315 1111.000 1249.000  772.000 24756.000      23174        0
00960 960318 1140.000 1187.000  781.000 17581.000      20794        0
00961 960319 1295.000 1090.000  731.000 19064.000      19684        0
00962 960320 1153.000 1202.000  748.000 16296.000      20623        0
00963 960321 1237.000 1134.000  753.000 15502.000      16260        0
00964 960322 1328.000  966.000  831.000 15869.000      12314        0
00965 960325 1174.000 1191.000  745.000 14113.000      15160        0
00966 960326 1235.000 1116.000  768.000 19863.000      15670        0
00967 960327 1049.000 1278.000  787.000 18194.000      18137        0
00968 960328 1053.000 1272.000  781.000 16984.000      14922        0
00969 960329 1340.000 1062.000  728.000 15898.000      21443        0
00970 960401 1468.000  928.000  717.000 23062.000      12332        0
00971 960402 1263.000 1098.000  772.000 19170.000      16686        0
00972 960403 1092.000 1200.000  821.000 18506.000      16002        0
00973 960404 1066.000 1201.000  823.000 20030.000      13433        0
00974 960408  323.000 2369.000  437.000 7591.000      31620        0
00975 960409 1412.000  983.000  737.000 21185.000      16837        0
00976 960410  852.000 1599.000  680.000 15903.000      27640        0
00977 960411  872.000 1529.000  737.000 19203.000      28584        0
00978 960412 1591.000  804.000  725.000 25982.000      11738        0
00979 960415 1697.000  748.000  711.000 23415.000       8450        0
00980 960416 13350.000 10330.000 7630.000 245980.000      15832        0
00981 960417 9800.000 13560.000 8260.000 163130.000      23716        0
00982 960418 1310.000  979.000  870.000 23304.000      13225        0
00983 960419 1390.000  915.000  817.000 21636.000      15043        0
00984 960422 1473.000  923.000  747.000 22284.000      12933        0
00985 960423 1334.000 1055.000  736.000 27234.000      13691        0
00986 960424 1164.000 1225.000  769.000 23183.000      21399        0
00987 960425 1283.000 1041.000  828.000 25623.000      14720        0
00988 960426 1387.000  959.000  776.000 19350.000      14878        0
00989 960429 1097.000 1260.000  790.000 15200.000      15246        0
00990 960430 1178.000 1202.000  760.000 17270.000      16396        0
00991 960501 1301.000 1044.000  799.000 22740.000      12136        0
00992 960502  561.000 2013.000  581.000 32997.000      44105        0
00993 960503 1094.000 1179.000  846.000 18107.000      19560        0
00994 960506 1046.000 1283.000  802.000 14612.000      18454        0
00995 960507 1025.000 1339.000  785.000 14717.000      21706        0
00996 960508 1207.000 1148.000  786.000 28419.000      14708        0
00997 960509 1336.000  992.000  804.000 20710.000      15579        0
00998 960510 1712.000  717.000  726.000 30138.000       9483        0
00999 960513 1689.000  721.000  737.000 28856.000       6928        0
01000 960514 1566.000  879.000  730.000 27729.000      13359        0
01001 960515 1232.000 1159.000  765.000 21562.000      18406        0
01002 960516 1074.000 1296.000  781.000 17315.000      17423        0
01003 960517 1469.000  869.000  800.000 27133.000      11842        0
01004 960520 1318.000 1034.000  816.000 22627.000      11561        0
01005 960521 1162.000 1211.000  800.000 17521.000      18794        0
01006 960522 1309.000 1037.000  813.000 26177.000      12182        0
01007 960523  997.000 1349.000  827.000 14646.000      23398        0
01008 960524 1186.000 1084.000  860.000 15782.000      13010        0
01009 960528  814.000 1575.000  791.000 8836.000      21339        0
01010 960529  852.000 1535.000  782.000 10574.000      20281        0
01011 960530 1358.000  993.000  822.000 21400.000      11665        0
01012 960531 1090.000 1275.000  793.000 13041.000      17504        0
01013 960603 1007.000 1323.000  823.000 12072.000      15854        0
01014 960604 1448.000  909.000  787.000 23396.000      10940        0
01015 960605 1410.000  959.000  803.000 22801.000      10715        0
01016 960606 1021.000 1391.000  745.000 14936.000      27859        0
01017 960607  669.000 1816.000  659.000 15605.000      23598        0
01018 960610 1121.000 1244.000  788.000 13580.000      13770        0
01019 960611 1147.000 1213.000  851.000 16081.000      17866        0
01020 960612 1116.000 1202.000  837.000 18610.000      16206        0
01021 960613  962.000 1362.000  828.000 14798.000      17374        0
01022 960614 1007.000 1325.000  786.000 14491.000      19448        0
01023 960617 1095.000 1216.000  826.000 11494.000      14532        0
01024 960618 1108.000 1254.000  819.000 13161.000      19234        0
01025 960619  969.000 1374.000  819.000 15069.000      17199        0
01026 960620  876.000 1460.000  808.000 17137.000      21883        0
01027 960621 1328.000  996.000  811.000 31564.000      14395        0
01028 960624 1348.000 1019.000  811.000 17751.000      10685        0
01029 960625 1099.000 1311.000  768.000 15199.000      18845        0
01030 960626  940.000 1495.000  736.000 10502.000      23978        0
01031 960627 1324.000 1037.000  797.000 22892.000      13229        0
01032 960628 1826.000  743.000  620.000 28143.000      13519        0
01033 960701 1409.000 1056.000  710.000 21873.000       9315        0
01034 960702 1231.000 1120.000  836.000 15621.000      18326        0
01035 960703 1098.000 1200.000  867.000 12242.000      16739        0
01036 960705  315.000 2104.000  565.000 1515.000      15870        0
01037 960708  753.000 1732.000  672.000 8845.000      24849        0
01038 960709 1376.000 1036.000  774.000 19623.000      13384        0
01039 960710 1040.000 1406.000  740.000 16162.000      21159        0
01040 960711  531.000 2020.000  642.000 6583.000      41748        0
01041 960712 1211.000 1184.000  757.000 18448.000      17326        0
01042 960715  440.000 2149.000  587.000 3393.000      36952        0
01043 960716  701.000 1884.000  618.000 20164.000      42646        0
01044 960717 1783.000  736.000  667.000 32403.000      14525        0
01045 960718 1872.000  651.000  653.000 34599.000       9089        0
01046 960719  989.000 1403.000  753.000 11483.000      24057        0
01047 960722  649.000 1770.000  738.000 6162.000      22710        0
01048 960723  709.000 1696.000  770.000 11111.000      27115        0
01049 960724  680.000 1816.000  689.000 16810.000      25126        0
01050 960725 1549.000  814.000  785.000 22579.000      10754        0
01051 960726 1556.000  805.000  788.000 22595.000       8865        0
01052 960729  905.000 1465.000  787.000 8218.000      17005        0
01053 960730 1384.000 1021.000  767.000 19166.000      10805        0
01054 960731 1565.000  889.000  708.000 22743.000      13746        0
01055 960801 1985.000  550.000  662.000 33819.000       6529        0
01056 960802 2105.000  539.000  578.000 35527.000       5080        0
01057 960805 1170.000 1219.000  797.000 12155.000      13640        0
01058 960806 1270.000 1152.000  800.000 17330.000      12913        0
01059 960807 1415.000  981.000  790.000 21354.000      13341        0
01060 960808 1141.000 1138.000  901.000 15984.000      13562        0
01061 960809 1262.000 1048.000  851.000 14391.000      13799        0
01062 960812 1270.000 1061.000  838.000 16608.000      10448        0
01063 960813  852.000 1506.000  831.000 8162.000      22093        0
01064 960814 1460.000  904.000  824.000 20742.000       8707        0
01065 960815 1293.000 1048.000  852.000 15762.000      11658        0
01066 960816 1577.000  777.000  818.000 18911.000      10441        0
01067 960819 1266.000 1064.000  849.000 16040.000       9340        0
01068 960820 1261.000 1085.000  855.000 16152.000      12960        0
01069 960821 1077.000 1255.000  875.000 15519.000      14654        0
01070 960822 1500.000  865.000  826.000 22895.000       8481        0
01071 960823 1013.000 1285.000  888.000 10762.000      15895        0
01072 960826  899.000 1359.000  921.000 9479.000      14362        0
01073 960827 1436.000  896.000  872.000 17103.000       8565        0
01074 960828 1309.000 1023.000  853.000 13464.000      11707        0
01075 960829  760.000 1645.000  794.000 7441.000      21740        0
01076 960830  829.000 1457.000  864.000 6287.000      16303        0
01077 960903 1027.000 1395.000  761.000 14588.000      15184        0
01078 960904 1379.000  947.000  857.000 18334.000      12743        0
01079 960905  776.000 1617.000  783.000 7578.000      25179        0
01080 960906 1652.000  705.000  837.000 24003.000       7423        0
01081 960909 1542.000  861.000  812.000 22400.000       5915        0
01082 960910 1189.000 1167.000  851.000 16482.000      16327        0
01083 960911 1268.000 1052.000  888.000 20345.000      11493        0
01084 960912 1489.000  883.000  846.000 23867.000      11063        0
01085 960913 1729.000  735.000  776.000 34305.000       9959        0
01086 960916 1416.000 1002.000  800.000 25978.000      11991        0
01087 960917  999.000 1462.000  780.000 19842.000      19054        0
01088 960918  999.000 1365.000  860.000 15520.000      19718        0
01089 960919 1114.000 1266.000  851.000 20956.000      14723        0
01090 960920 1429.000  909.000  869.000 30549.000      14415        0
01091 960923  869.000 1456.000  875.000 11689.000      13643        0
01092 960924 1238.000 1081.000  905.000 20179.000      18826        0
01093 960925 1312.000 1078.000  840.000 23087.000      17955        0
01094 960926 1411.000 1012.000  812.000 24748.000      20460        0
01095 960927 1293.000 1033.000  901.000 19872.000      16887        0
01096 960930 1356.000 1069.000  836.000 20440.000      13403        0
01097 961001 1318.000 1106.000  818.000 20110.000      17304        0
01098 961002 1651.000  771.000  822.000 27590.000      11578        0
01099 961003 1133.000 1266.000  860.000 15500.000      17452        0
01100 961004 1803.000  726.000  714.000 30386.000      10664        0
01101 961007 1145.000 1230.000  876.000 18746.000      14406        0
01102 961008 1032.000 1393.000  831.000 17547.000      22051        0
01103 961009  878.000 1470.000  902.000 12713.000      23389        0
01104 961010 1093.000 1261.000  888.000 17480.000      17257        0
01105 961011 1475.000  853.000  904.000 23660.000      11422        0
01106 961014 1203.000 1092.000  945.000 17573.000      11081        0
01107 961015 1094.000 1316.000  841.000 18771.000      21456        0
01108 961016 1167.000 1233.000  858.000 21211.000      18915        0
01109 961017 1428.000  962.000  874.000 26739.000      17261        0
01110 961018 1340.000 1053.000  847.000 24530.000      17643        0
01111 961021 1102.000 1340.000  833.000 18182.000      19613        0
01112 961022  915.000 1541.000  828.000 13206.000      22742        0
01113 961023 1080.000 1285.000  888.000 19168.000      19173        0
01114 961024 1118.000 1236.000  900.000 14264.000      22595        0
01115 961025 1188.000 1178.000  893.000 16695.000      15813        0
01116 961028  894.000 1534.000  829.000 11702.000      22441        0
01117 961029 1307.000 1178.000  789.000 23609.000      16109        0
01118 961030 1201.000 1179.000  889.000 20436.000      18809        0
01119 961031 1485.000  974.000  831.000 24348.000      16590        0
01120 961101 1163.000 1225.000  879.000 18816.000      22410        0
01121 961104 1337.000 1075.000  868.000 19795.000      14864        0
01122 961105 1483.000  954.000  837.000 31463.000      12094        0
01123 961106 1731.000  788.000  772.000 36450.000       9657        0
01124 961107 1420.000 1084.000  790.000 26018.000      18411        0
01125 961108 1329.000 1088.000  909.000 21975.000      13223        0
01126 961111 1391.000 1003.000  875.000 18443.000      12506        0
01127 961112 1355.000 1118.000  840.000 21676.000      19995        0
01128 961113 1308.000 1132.000  859.000 20602.000      17552        0
01129 961114 1496.000  990.000  841.000 29323.000      14231        0
01130 961115 1278.000 1206.000  832.000 26703.000      20528        0
01131 961118 1174.000 1219.000  915.000 18334.000      15681        0
01132 961119 1442.000 1046.000  843.000 25302.000      15119        0
01133 961120 1388.000 1073.000  858.000 25625.000      18785        0
01134 961121 1207.000 1216.000  894.000 17843.000      23762        0
01135 961122 1540.000  971.000  817.000 32594.000      14605        0
01136 961125 1657.000  906.000  787.000 29082.000      12568        0
01137 961126 1154.000 1378.000  818.000 21041.000      25448        0
01138 961127 1343.000 1136.000  846.000 18809.000      14728        0
01139 961129 1305.000  934.000  915.000 8113.000        496        0
01140 961202 1279.000 1235.000  811.000 19175.000      17948        0
01141 961203 1296.000 1220.000  818.000 18469.000      27308        0
01142 961204 1079.000 1458.000  776.000 19900.000      24424        0
01143 961205 1233.000 1288.000  816.000 21788.000      21380        0
01144 961206  572.000 2080.000  678.000 14240.000      31388        0
01145 961209 1953.000  639.000  751.000 27295.000       7212        0
01146 961210 1410.000 1155.000  787.000 18264.000      21275        0
01147 961211  526.000 2154.000  660.000 9920.000      35772        0
01148 961212  911.000 1644.000  771.000 13055.000      30840        0
01149 961213 1052.000 1450.000  810.000 18903.000      22065        0
01150 961216  891.000 1677.000  778.000 12039.000      28160        0
01151 961217 1264.000 1275.000  812.000 24844.000      20431        0
01152 961218 1610.000  951.000  803.000 30667.000      13974        0
01153 961219 1844.000  778.000  728.000 35828.000      11085        0
01154 961220 1616.000  972.000  783.000 35219.000      22778        0
01155 961223 1129.000 1392.000  808.000 11900.000      17108        0
01156 961224 1309.000  940.000  961.000 8857.000       4533        0
01157 961226 1616.000  854.000  846.000 15039.000       6591        0
01158 961227 1559.000  899.000  848.000 13141.000       8416        0
01159 961230 1406.000 1110.000  840.000 15539.000      14000        0
01160 961231 1297.000 1234.000  816.000 14429.000      21037        0
